535.19
285.39
547.68
270.25
548.22
256.78
550.82
387.18
368.96
442.47
314.98
254.03
373.21
487.42
385.22
547.2
506.59
380.19
524.24
486.95
525.37
234.73
371.11
362.63
504.48
373.25
398.14
402.25
347.41
510.08
473.92
497.96
494.52
351.8
378.38
386.77
512.93
246.71
476.49
498.28
239.97
364.35
384.48
387.8
236.22
238.12
530.59
334.57
384.25
435.53
496.69
422.71
297.31
506.86
423.01
532.92
527.68
480.66
233.22
502.21
241.54
397.0
427.33
321.31
511.49
408.49
452.62
490.95
529.96
533.1
438.06
354.2
253.26
548.31
389.17
453.94
278.32
524.99
506.94
355.19
391.87
389.71
392.42
284.48
359.49
519.35
352.21
415.75
319.48
445.03
358.14
455.18
448.87
323.36
479.94
374.86
538.86
392.27
400.16
490.82
1001.34
1111.84
914.08
1507.17
1327.87
719.98
957.41
1341.02
912.71
1007.36
760.68
996.29
1378.16
1325.17
1481.62
928.98
1179.63
756.68
1026.41
776.8
1470.29
1331.19
879.61
1477.31
763.66
1322.68
1000.94
897.2
671.33
1203.87
1042.24
1049.4
1334.91
1295.3
1042.9
1019.07
841.55
1318.93
994.58
1176.46
853.38
949.13
1217.28
1227.92
1381.15
1271.35
1276.39
1218.26
1286.68
1041.73
1310.64
1192.69
1094.18
1203.67
819.73
846.14
1471.78
954.56
1076.77
743.46
1122.92
792.91
1305.0
916.27
1074.64
1386.85
935.12
899.65
1494.32
643.44
950.67
1296.22
952.59
827.22
872.24
1413.2
1282.44
913.82
868.45
696.26
1249.89
948.26
875.5
1504.56
1436.69
746.61
798.38
1297.38
788.82
1201.03
1091.19
1195.3
1241.22
756.0
675.1
1269.92
1392.69
911.4
948.23
1042.51
1949.85
1131.14
1787.51
1307.03
935.77
1855.37
1316.58
1303.21
1772.53
1537.21
1250.16
1303.39
952.75
1469.06
1682.72
1282.12
1329.45
1259.25
1754.92
1554.06
1556.73
1480.67
1827.46
1404.08
1779.99
976.95
1441.49
1762.48
1320.53
1286.94
888.87
1307.05
1253.96
973.8
1461.43
1756.27
1393.39
1508.02
1299.81
1093.5
1469.33
943.21
947.95
1445.83
1042.52
1580.42
1741.76
1735.99
1275.46
1623.87
1897.63
1667.85
1787.56
1143.12
1654.23
1363.51
1163.31
1283.66
1394.88
1507.78
1193.49
1297.75
1519.89
1717.24
1422.45
1297.9
1532.77
1801.74
1459.32
1845.6
1486.98
1394.95
1340.29
1754.63
1406.43
1074.79
1504.58
1561.53
1504.03
1053.38
1845.88
1628.6
1745.71
1956.76
1366.98
1830.02
1859.39
989.75
1590.34
1675.37
1913.83
1733.0
1856.03
1783.83
1253.59
1035.09
1277.73
1942.05
1395.9
1553.97
1642.25
1531.31
773.59
1083.99
1090.29
1198.85
545.19
1009.07
884.41
1461.4
578.95
836.07
1248.98
482.97
884.48
1348.05
1462.21
529.95
950.85
618.57
1515.4
1295.19
806.79
1274.39
1357.05
497.77
1607.49
1394.34
543.75
1367.09
822.28
673.52
635.82
1817.21
934.99
1321.61
697.1
640.15
1450.81
1547.59
778.2
1350.18
952.12
1558.27
1411.58
842.85
1439.65
612.25
389.91
1496.42
1628.99
1114.32
607.35
1493.85
800.57
759.27
920.19
1056.94
793.46
692.09
714.39
904.08
1745.01
966.75
914.55
1425.49
1595.03
500.27
808.98
509.96
1437.27
861.93
1077.94
817.78
1056.29
1395.43
886.06
827.82
837.13
1417.36
1202.01
1517.25
747.6
417.77
1184.7
706.41
1814.3
238.21
722.6
1297.18
952.72
1461.18
472.82
1171.3
1611.89
1518.18
1365.42
1009.9
1607.76
1473.87
1308.95
494.9
1105.35
1360.25
966.6
609.8
937.15
1303.1
796.35
1199.75
576.45
857.3
939.75
1487.15
954.75
779.35
1663.0
795.1
1584.1
705.35
1386.6
620.3
1130.15
1226.9
947.9
1019.8
1438.45
979.35
724.55
1515.3
744.7
898.1
1001.3
1407.2
861.7
1620.05
1319.45
902.05
942.95
787.95
1515.5
1199.4
680.05
674.55
772.5
1425.5
829.7
871.55
1363.9
967.15
357.49
494.78
367.89
671.19
1001.25
748.21
876.95
1235.39
587.56
558.59
1047.92
1085.35
851.79
778.29
1221.66
465.93
1085.49
623.03
676.78
403.15
1021.21
762.44
878.03
809.2
966.97
734.49
615.95
1234.9
1236.86
589.47
729.08
872.64
474.24
479.42
1162.05
624.23
1260.58
677.34
877.35
764.69
541.3
798.36
467.24
1075.72
395.62
432.56
987.37
747.94
1216.34
709.37
993.55
634.35
922.52
408.44
977.72
395.93
778.57
772.15
612.97
836.77
874.67
846.99
784.98
545.65
416.32
598.36
1081.36
1085.17
930.11
616.17
1128.67
684.58
1004.33
557.27
596.14
521.16
843.76
659.95
1258.49
448.54
778.68
860.25
521.91
590.93
338.41
659.09
854.97
491.83
949.31
798.3
517.05
872.85
710.4
443.04
590.63
540.54
904.06
1069.19
610.64
739.38
974.18
869.27
974.92
1003.15
817.89
684.33
904.51
893.79
906.09
880.45
983.75
870.79
966.8
923.49
890.01
847.2
704.81
691.1
858.55
972.77
784.78
866.42
905.27
1121.82
904.47
866.61
946.62
908.57
1044.27
894.87
849.74
911.31
724.26
777.09
912.27
949.3
998.27
1065.62
782.48
1018.03
999.86
1061.56
1067.15
1103.61
932.11
989.54
895.44
968.0
723.33
753.2
1016.89
876.36
1043.64
824.62
678.62
883.45
903.26
844.18
720.41
950.24
1050.2
1006.56
729.1
936.81
861.73
986.31
771.16
821.01
1076.91
927.64
1082.16
651.58
779.57
667.65
1075.96
867.06
1095.75
830.94
1124.72
708.73
776.45
917.0
967.3
1018.59
922.28
875.4
1016.49
837.34
1036.14
1097.3
729.98
971.24
913.73
890.1
1037.34
753.62
886.28
878.16
883.46
802.96
1640.03
1834.58
1820.39
1689.38
1901.25
1957.32
1759.62
2068.27
1962.27
1941.64
1991.29
2033.08
1672.41
2047.66
1813.39
1827.87
1668.49
1758.9
1767.05
1916.92
1778.96
1666.18
1826.78
1882.79
1782.97
2002.9
1779.38
1973.1
1633.38
1988.99
1750.65
1678.64
2016.23
2037.98
1965.07
1735.3
1702.21
1882.1
2013.2
1650.76
1669.05
1890.29
1996.6
1647.87
1665.06
1925.81
1751.18
1731.94
1984.57
2031.05
1768.82
1894.39
1940.01
1825.53
1944.82
1857.62
1889.97
1847.18
1955.53
1957.35
1984.76
1785.56
1906.35
1814.55
1903.14
1956.79
2045.38
1847.05
2001.47
1719.85
1987.63
1804.76
1803.89
2027.62
1806.35
2017.95
1705.01
1940.48
1824.0
1915.21
1797.29
1689.97
1623.02
1977.85
1721.9
1659.42
1976.82
1669.89
1905.4
2006.51
1753.75
1938.68
1920.74
1689.79
1786.72
1650.31
2038.28
1949.36
1738.6
1833.0
1317.32
1176.91
1300.04
1569.98
1026.17
1057.7
1672.2
1813.67
897.02
1550.13
1972.43
1332.53
1606.64
1094.22
1114.1
1868.84
1179.48
1756.37
1579.18
1968.77
1092.52
1962.68
1315.84
1379.17
1314.72
1059.62
1149.34
1044.18
1579.9
1906.75
1476.57
1115.92
1818.73
695.11
1321.66
1866.68
759.77
1394.74
941.86
616.38
1907.9
1865.54
1209.26
990.91
772.05
1260.86
1917.22
1107.3
1028.7
1177.28
1170.1
1085.35
1532.32
1919.9
1101.27
895.64
1596.39
2045.45
777.72
2065.91
1730.75
1239.51
436.37
290.47
1176.39
868.76
1274.65
1977.28
1328.05
1060.97
1879.88
1171.6
895.72
745.93
992.04
1404.69
1861.86
1461.59
612.24
867.88
1481.33
1349.55
1446.43
1689.96
513.43
1912.06
1020.28
995.57
1511.01
1545.46
2053.31
721.07
1523.34
813.39
1115.19
1504.08
1908.12
898.58
795.96
1003.14
1230.46
1906.06
1517.86
1436.97
2106.77
1836.47
1928.05
1765.24
997.51
1321.42
1939.81
820.92
1291.29
842.27
1039.42
1528.16
1802.43
1096.69
1315.74
1399.8
1164.67
1441.94
1680.39
1449.69
499.53
1874.38
1338.58
1195.74
1287.05
1431.48
506.15
1393.06
1111.76
668.71
682.79
1399.05
845.43
848.49
1809.62
876.9
492.07
1085.95
1081.88
1416.64
1461.27
2093.94
1736.36
1435.97
916.44
1140.92
1377.93
1128.42
1996.21
1874.86
1492.06
947.32
1209.31
586.54
1908.89
1627.89
1605.89
761.37
554.71
1030.67
920.32
1070.21
956.84
1356.57
1525.23
1896.14
1745.18
1915.2
1190.36
2064.43
777.59
1125.28
1451.64
2152.23
1410.9
1583.98
1105.47
1852.36
1617.12
880.91
1363.9
1334.72
820.88
455.71
919.71
1715.89
1831.33
1834.35
1213.92
1041.88
1655.97
1299.36
1518.38
1714.84
951.74
1406.37
1174.01
1063.41
1625.03
1238.42
1338.37
1464.16
1468.46
1553.45
1217.27
1836.68
1162.23
1535.95
1508.26
976.3
1589.92
2066.71
1316.61
1963.29
1553.19
1216.02
792.43
2061.69
1985.01
1900.39
804.63
1491.44
981.69
542.66
1045.89
1964.35
1179.74
1146.74
1494.82
1782.43
1698.0
1417.03
1853.59
1867.15
1950.99
1352.57
1303.68
1239.08
1425.47
1277.73
1895.99
1341.01
751.95
1930.33
1749.71
2046.77
924.98
925.57
1821.42
1412.36
1241.24
2178.38
1156.93
2033.72
1021.48
2049.11
1609.19
1465.51
1045.47
1272.69
1756.91
1480.6
1104.28
1225.01
1046.21
1502.41
1382.59
860.19
1083.42
1854.72
973.45
1688.63
1325.24
2042.89
1248.01
979.35
714.6
979.65
664.86
1252.07
1288.42
1009.02
1670.35
1596.03
1477.59
1600.98
1063.04
721.64
1571.05
1818.7
1237.01
1151.05
865.27
1796.78
1155.49
1576.76
946.63
1799.16
901.02
2035.62
905.81
1021.88
1632.69
1600.98
809.3
1476.33
1212.11
1252.31
1353.03
1353.39
1222.0
921.03
1082.09
1082.29
1254.26
1265.66
1400.85
1108.56
544.45
1242.42
994.99
1438.53
1785.34
1832.81
1323.98
1157.31
1066.85
1590.87
1637.55
870.53
1436.65
482.13
1147.66
1739.3
1165.21
755.73
1941.34
980.06
1778.35
1737.39
1001.77
1155.2
727.48
1285.1
1575.52
1416.37
1314.04
1146.07
1416.86
1670.37
2061.19
1486.98
1391.58
985.96
1039.09
1467.95
1876.98
1109.92
1841.14
1686.22
1644.82
1408.44
1624.05
1049.06
1374.16
1614.43
1282.64
1374.8
1919.54
837.26
1452.25
1148.98
2070.08
1862.28
1426.51
1338.84
1191.77
2043.07
1066.18
1144.42
667.27
1310.14
1406.87
1126.13
1323.17
1815.95
1120.64
896.95
1595.51
983.18
1090.57
1268.43
1727.54
1129.68
1378.24
828.76
1527.96
1542.72
380.74
2032.07
877.97
1530.24
1347.4
1661.71
1484.7
1351.41
776.36
1084.43
940.94
1152.97
1636.75
1648.41
735.35
983.4
1456.29
1252.4
878.88
1161.97
1447.4
1829.46
1263.73
1341.15
1094.46
1192.78
1627.23
1683.63
810.78
1565.0
747.16
1245.38
1856.35
1227.66
917.68
915.28
1340.45
1079.5
1089.27
921.46
921.93
1256.68
1091.97
1862.6
1383.02
1070.39
1504.89
1676.6
1247.66
900.8
1353.63
1307.87
613.22
752.24
1376.83
1534.22
1963.99
926.88
1919.83
553.65
1556.49
1013.37
2079.18
1076.32
475.48
869.86
1696.94
840.35
1107.37
1259.44
1019.88
1266.27
984.34
1687.9
1032.21
1556.74
1152.01
1236.74
932.74
994.19
1186.65
1739.55
1227.05
628.51
1297.41
1079.51
1241.7
1103.19
708.55
1189.1
524.48
1164.08
1178.64
1124.91
1828.46
1902.77
2048.0
941.48
1769.83
1822.43
1255.71
1336.98
867.35
920.68
1498.06
1388.85
1862.38
1868.48
1506.24
1146.65
1310.12
1568.11
1421.08
1385.61
1616.92
1927.65
1646.79
915.97
1442.68
1316.5
1727.23
1160.28
1124.57
1202.87
1736.85
1188.04
1271.65
1235.3
913.17
1303.59
790.19
1119.92
1865.14
1063.08
1894.49
1202.32
763.8
1240.23
1529.21
1884.01
1683.76
1634.32
938.49
1381.7
1413.16
1438.7
1121.12
880.32
1549.66
872.87
1371.23
1154.61
1093.06
1799.15
1974.02
1875.42
859.75
572.09
1204.32
890.06
1123.7
1070.39
1519.83
1672.83
1318.5
1322.71
1745.62
933.82
1397.99
1515.28
947.27
1633.07
1025.15
968.54
750.78
1098.26
897.02
1237.98
1608.2
1097.96
1627.55
1517.15
838.72
980.38
1703.58
1126.61
1598.77
711.03
627.12
1037.77
726.25
1114.86
1280.8
1083.64
1809.18
1103.13
931.88
1742.25
1319.84
1227.09
1206.16
1513.99
2144.79
2020.58
1505.23
1434.04
821.28
1061.05
1555.05
1015.01
1157.47
1399.51
1769.4
1444.52
915.26
977.49
1198.87
2054.64
1538.63
2193.6
1283.13
1172.32
1497.69
862.18
1427.2
750.14
1936.98
864.52
1092.55
953.92
945.22
1042.27
1616.67
881.45
1537.03
890.9
1312.6
894.73
1188.66
2020.59
1159.83
1422.77
2125.89
1577.67
1116.03
1358.74
1082.92
1390.79
929.63
1272.6
1242.07
1936.99
1197.93
1217.24
1734.47
916.51
1610.93
640.85
749.12
994.9
1183.18
1310.63
780.86
1536.79
1651.76
1857.45
1011.85
1561.62
1473.39
1312.48
1309.84
1728.78
996.31
998.71
1297.45
1926.71
577.85
1458.87
1457.39
803.98
914.37
1173.95
1203.4
1192.06
1196.11
1153.17
1272.16
1357.59
841.48
1536.78
1008.22
1766.99
1552.07
1871.92
1525.78
2190.92
962.13
1530.99
1583.0
1168.79
970.41
636.89
1229.75
2009.07
1679.0
1463.66
977.12
666.23
1489.36
975.46
769.76
1899.34
2019.25
921.63
717.77
985.65
1080.16
654.75
1257.01
1059.49
808.68
1014.53
1303.98
539.18
1052.67
1267.57
1660.14
1427.07
1956.9
1527.53
797.3
1163.82
1225.84
1278.24
1379.4
1161.12
1441.56
1209.85
1877.5
1107.63
501.19
981.56
2034.49
1307.55
1856.12
1747.79
1109.9
1312.93
815.92
1369.04
840.86
1682.63
1785.6
1746.13
884.71
751.52
1092.56
1464.85
1691.09
1039.43
2004.28
1389.62
938.23
1572.3
1136.15
1196.96
1808.89
1151.17
777.78
902.62
1085.41
542.86
1171.49
1167.96
1012.64
1013.0
1820.96
842.64
813.1
673.43
1593.52
1582.87
1067.92
1164.66
2139.85
1229.25
440.99
1555.62
540.03
837.68
1699.54
919.73
1182.46
1731.06
1344.95
1857.18
997.18
705.85
862.82
1065.62
1896.89
1041.93
1140.32
1961.52
518.94
906.46
1369.81
1475.03
1147.38
454.09
973.28
911.81
1188.95
1057.43
1735.37
495.22
1445.26
1189.24
1313.86
1068.19
1354.91
1039.91
1705.73
1558.94
1239.4
1605.35
1158.24
1017.05
884.19
1408.08
1697.01
796.73
1252.81
1373.22
1245.05
1282.11
1801.8
1230.44
1439.81
1377.51
987.26
1515.66
958.99
1616.62
1881.73
1275.66
1435.55
2075.68
2072.39
1629.45
569.15
1750.26
1454.17
2034.42
1176.17
1699.33
1062.62
701.85
1646.16
1397.82
1918.85
1304.82
1601.07
871.29
2158.73
1600.3
629.15
1265.79
1128.8
1089.03
1411.79
941.75
1230.25
1434.48
919.54
1669.09
1078.85
745.59
927.9
1423.13
936.13
978.78
1542.71
858.61
845.92
1096.23
1066.69
1224.18
1367.06
1422.05
1716.58
1056.16
578.54
1274.79
1190.55
1290.71
1428.35
994.66
1634.11
1253.8
1621.88
2047.59
1496.61
1682.82
818.38
1065.47
1001.71
884.37
1483.44
1614.18
554.15
1757.93
1801.53
1798.53
1515.56
975.17
922.19
1629.32
1044.66
1308.54
883.75
393.42
1180.23
789.13
1728.78
1384.09
1194.46
809.75
979.28
1770.68
1184.06
723.46
1329.2
1815.74
1118.83
1157.84
1356.79
1739.24
1537.41
633.35
1452.74
1951.92
908.34
1571.44
826.59
1188.89
1604.32
1379.5
1048.16
968.83
1969.79
794.3
1770.44
1301.52
903.49
1451.41
1243.0
1083.55
866.32
755.79
903.18
1258.08
1878.1
587.23
1825.21
624.91
1077.73
1222.39
1744.26
1319.87
1231.39
1633.05
1457.25
1144.05
796.59
1491.9
1512.94
1263.76
1442.3
2043.9
1860.15
1103.62
987.36
1063.7
1699.36
974.98
1326.79
1252.56
1575.83
1889.49
1533.71
914.87
1827.61
1803.61
1618.24
1069.23
1140.36
1040.1
789.61
1137.04
1762.5
725.87
1220.08
1044.88
991.92
1011.64
1225.25
1530.83
936.04
1358.05
1270.21
1495.26
1899.12
1120.08
1922.18
842.44
1554.87
1315.83
1644.86
1709.78
1641.75
1806.62
1123.94
779.57
1247.79
1434.89
1879.73
504.52
1968.81
1072.19
738.23
1119.96
1168.73
1458.22
480.44
1950.32
1500.38
1693.01
1735.08
1225.78
1370.4
1387.09
1764.29
1738.58
893.62
1202.09
1180.31
1265.84
605.78
1277.09
1380.19
1552.63
2009.34
1040.2
1328.38
1264.49
1722.29
1442.41
1584.61
1622.45
820.06
1192.17
739.08
1482.6
1896.7
1626.04
1131.89
1649.24
992.07
1099.35
1214.09
1511.97
1526.22
1824.46
1146.62
1051.86
624.12
1585.72
1015.85
1567.24
949.66
1358.3
795.39
802.2
532.39
732.65
690.09
1161.0
923.22
1291.29
814.63
622.88
1055.54
1477.98
535.25
744.25
1071.09
1738.65
1682.21
1052.51
1390.85
1281.8
1258.73
1372.6
1378.69
1032.42
1371.02
1205.8
1393.28
764.74
1317.57
1524.71
1193.26
806.2
1456.87
1639.98
1352.36
1090.35
1843.64
1085.47
1152.43
1994.0
847.38
1624.87
1687.29
853.31
955.7
944.55
1424.9
1368.02
559.31
1937.14
1983.86
2059.93
1324.28
1280.78
1757.44
1407.09
1715.13
1057.69
1735.9
1546.66
1108.86
1517.44
832.35
1153.54
1786.68
1258.88
1736.09
853.87
940.85
649.71
1512.21
1407.01
765.42
833.2
1356.11
1106.92
976.68
767.56
898.89
1302.66
1322.87
1546.75
946.37
2119.01
2001.83
1872.72
1684.43
1277.82
1388.65
1204.79
1082.15
1911.43
569.32
1580.3
692.82
952.25
1818.4
898.62
936.66
1175.14
1245.74
1156.63
721.95
1030.69
882.34
1904.1
1907.57
1160.92
1186.67
1142.72
1547.44
359.86
1166.04
2006.55
1243.69
609.38
1471.18
1706.49
888.7
963.81
1915.29
1248.36
1488.89
1768.88
2057.73
1245.35
1689.72
1585.98
1813.4
1617.3
1821.84
1333.85
2111.72
788.51
1083.42
867.26
1628.05
1334.96
1255.55
1661.43
1201.08
950.03
1098.34
1275.03
1787.82
1399.59
1034.29
1141.34
1166.31
1468.78
1842.14
1515.58
900.53
422.65
1092.33
1486.07
1227.33
1860.2
1280.06
1449.02
1734.39
1723.17
1369.84
291.79
1753.84
1693.12
1092.06
1791.57
1572.26
859.6
1663.82
862.77
884.84
1087.36
1085.68
1469.42
1462.04
1648.75
854.71
1772.53
400.2
1523.51
1282.5
965.01
772.32
1370.07
1278.4
1483.91
1260.48
1155.77
1508.55
944.27
996.53
1602.36
1635.14
1208.89
619.18
977.68
2014.09
2020.22
859.25
448.87
1398.98
777.82
529.06
1352.76
1614.05
1927.24
910.11
1022.5
1509.82
1740.76
972.5
790.12
1656.66
1784.84
467.15
2045.15
1706.78
2016.83
1903.78
1066.21
1711.48
865.31
1266.19
1609.59
866.75
1201.87
1163.77
885.38
1028.06
1333.39
1687.39
1384.25
2045.28
1080.58
1357.93
950.81
935.27
1502.85
429.29
1494.57
913.83
980.54
857.89
1285.6
1551.54
1549.14
1251.99
891.07
1254.39
1631.67
1372.65
1438.77
1293.03
1524.19
898.47
794.43
1194.4
1264.72
1039.1
1320.12
1503.86
1423.41
1365.78
984.37
1034.75
955.26
1140.13
1780.46
1214.92
1400.64
942.64
1583.79
1593.28
1242.39
931.42
1751.29
1491.98
1215.89
1195.04
1742.74
1954.02
1001.13
1793.24
1071.0
744.35
1135.95
1252.6
1820.87
691.41
1038.26
1163.26
1479.11
1379.14
745.5
862.28
1706.17
2121.03
884.78
865.55
1273.33
1348.67
1912.43
1332.82
1525.34
1517.95
872.72
928.79
1337.25
749.55
1129.44
1830.56
454.23
911.11
1591.84
2055.82
1650.81
1138.15
2162.26
935.67
1423.84
1503.06
1501.93
976.58
1071.84
1102.86
1381.01
1231.08
1903.67
968.15
1598.95
970.61
716.82
1679.01
560.68
1659.94
688.17
606.49
1672.33
1390.56
1289.4
929.15
1525.24
998.7
1882.9
1136.87
1262.38
1021.62
1554.44
1508.99
1826.79
1538.59
1571.87
2121.16
1562.74
848.09
637.67
1331.27
1264.74
1138.47
401.14
1503.57
1603.28
1142.58
1142.09
715.36
536.49
1468.56
1022.59
277.38
703.82
1661.76
1593.11
1135.56
1794.04
1488.47
1884.83
1834.7
809.08
1915.42
1547.87
639.88
920.56
1572.45
1336.64
1588.44
1550.87
671.45
1976.25
1216.05
1432.7
1269.96
731.03
1997.12
1058.36
1096.15
2126.66
919.41
1393.43
261.0
1992.82
779.75
1313.54
1208.32
737.89
1250.22
2020.22
1238.32
1208.2
761.42
1229.42
1709.59
1205.05
910.47
1939.8
908.96
1689.72
1453.65
1915.27
425.74
1440.85
578.9
334.76
1641.92
1145.02
1770.68
1667.14
1494.84
1771.61
1297.76
956.3
1273.56
793.32
778.0
1041.78
820.35
1285.02
915.92
1195.12
1439.95
1950.05
1791.31
895.26
928.7
1524.22
1277.69
463.31
676.17
896.6
1360.63
1443.95
895.17
1411.18
1378.67
1555.96
1222.41
1402.11
1028.33
1817.89
1605.62
1690.26
1071.67
1156.63
1144.99
2108.35
1952.22
711.53
1173.33
1542.38
1196.97
822.43
1164.43
756.46
2014.54
1625.28
1197.51
1215.67
1789.81
649.83
1491.91
1069.45
1605.6
655.98
1288.3
1265.12
732.07
985.02
1142.09
1497.28
1265.28
1922.54
1342.2
515.53
871.77
2071.91
1586.54
1409.13
1716.64
901.23
1316.87
1742.48
896.26
963.24
1440.21
1588.01
1522.44
1330.81
1516.33
1747.08
1908.09
1436.78
555.14
1656.56
1734.42
1712.1
1635.16
1529.96
1100.5
1450.98
1029.2
740.13
1568.73
1784.8
1057.24
746.2
1016.61
1215.17
1584.24
380.75
1401.3
1578.67
1719.19
1720.7
1352.14
1357.64
1891.33
1495.58
845.41
1138.38
835.59
1914.44
1628.34
1374.09
1671.77
823.17
1277.03
1945.64
1273.01
901.82
1025.28
1168.13
1789.4
1245.99
1300.16
1029.65
1145.68
1835.04
1932.44
1243.74
1892.91
1281.72
1350.86
1918.69
1336.95
984.04
1141.35
1037.86
853.59
952.02
938.96
1022.61
1325.86
1136.74
1907.33
1818.09
795.75
951.99
1766.09
1724.69
1543.34
913.0
1499.47
1294.16
823.8
1947.12
709.9
1916.0
840.53
1297.23
486.37
1240.81
691.07
629.32
484.77
1312.5
1435.65
919.87
1571.28
1937.77
1996.53
1890.59
1794.74
1133.94
1158.53
1493.6
1146.0
1979.24
1241.25
1126.19
1805.37
1256.9
1317.0
1664.26
2177.23
1122.63
1089.5
1406.71
1492.9
1764.32
1805.04
1124.32
1358.74
1167.64
2048.23
1213.72
1164.71
1397.03
1909.75
1713.5
1974.86
1485.61
1492.42
1178.68
1369.95
2040.75
743.47
1134.22
843.33
2218.98
1748.28
1645.39
1824.33
1296.79
1131.91
1886.64
1014.68
1205.63
1350.63
416.14
2046.2
1747.18
2067.28
1737.76
1411.47
1460.3
1379.28
1659.51
274.38
1965.61
1751.91
894.17
1709.23
1947.9
1564.91
1726.47
1929.59
946.67
1499.87
1145.05
1481.01
1793.83
1328.93
1915.65
1071.11
1563.81
1153.39
794.07
474.18
1469.21
634.26
1240.01
1023.38
1569.81
1875.67
1582.6
1251.3
1714.54
1405.5
958.35
1426.61
1592.33
764.25
376.34
1641.35
1864.17
1455.31
1939.27
2026.45
835.95
720.86
1764.27
896.61
1908.87
1294.45
1839.78
1296.81
1470.29
1826.68
1312.73
923.59
1602.53
2055.28
1256.8
2058.45
1527.86
1271.13
1135.39
1390.48
1790.48
1487.47
1070.02
733.79
1969.66
640.93
1024.76
1319.24
1060.87
1040.04
1004.32
1114.13
1446.66
1156.38
1204.76
1904.95
1369.34
1264.35
1152.5
717.32
943.49
976.12
2044.82
1870.64
486.31
543.53
1024.51
1876.62
497.85
1710.9
1227.79
1829.28
1105.28
758.23
1990.99
1075.1
676.9
1408.26
1718.7
1017.63
1388.2
668.88
1500.6
1139.65
1866.28
1143.08
1496.88
1932.77
1276.13
1402.1
1524.87
1080.09
1550.79
387.28
1712.96
1465.21
1627.55
830.18
995.27
2062.96
1567.66
1543.68
1047.38
1054.12
1702.79
1301.98
1799.53
1198.84
1417.17
832.02
1546.29
1626.62
1454.49
1374.14
984.91
1361.97
1120.42
1986.99
1777.62
1590.97
2027.41
2015.42
1377.56
1446.05
805.59
965.48
1049.94
1084.33
1154.1
1062.68
2047.24
948.13
1865.58
1353.24
1387.37
1322.97
1065.79
1818.09
455.35
764.6
745.21
829.09
882.28
2046.4
1589.2
2089.31
1293.14
1702.15
1457.69
570.16
941.72
1684.27
1307.23
1764.47
626.38
981.52
988.13
1003.63
1244.44
1073.67
852.1
1414.25
1717.61
1834.43
1305.37
1190.77
736.75
556.78
1856.97
1044.35
1389.51
978.29
1557.29
1166.44
1904.83
1976.45
1344.76
1817.44
1683.97
1447.78
989.3
952.57
1617.45
571.93
1823.83
1396.12
1165.96
1713.71
1326.93
1523.66
1202.6
1441.05
1502.1
875.29
817.2
1384.92
1686.6
1169.77
504.99
997.06
1502.89
807.75
1066.56
1794.64
1380.62
987.63
1761.09
1312.26
1107.8
1742.62
1687.9
891.08
1294.19
1573.99
987.43
832.94
1946.38
1380.93
979.41
1279.17
1872.12
1504.71
874.28
1919.26
432.07
1198.99
1592.3
998.49
495.89
1361.56
507.36
1364.61
1299.42
1624.52
1555.55
1522.32
1415.33
1292.6
609.03
952.78
1913.93
1632.43
1715.54
1921.09
1516.52
1162.75
1117.66
1280.58
1610.57
1117.44
483.39
2122.39
919.4
852.03
1276.62
824.65
1926.51
914.16
923.42
1751.0
2091.93
954.87
1383.01
1206.61
1566.22
1675.14
1319.82
1053.98
1858.15
1121.29
1838.46
1021.89
1293.19
1227.53
818.96
1645.71
1190.67
1340.08
1457.99
1973.72
825.81
1705.77
1493.87
1361.69
1481.54
803.73
1278.8
772.67
2021.69
787.65
1692.88
1260.75
1931.09
1975.04
966.96
824.12
1417.63
1242.61
1307.36
1371.18
1098.48
1345.35
1186.54
1633.86
1831.83
903.18
1081.14
898.36
1206.94
1863.12
1692.99
807.54
1808.81
1327.74
1178.31
2149.08
1494.31
1317.23
1891.54
1401.14
883.0
439.99
1246.03
1835.69
1765.46
1708.09
2142.08
1466.07
1517.2
1955.94
1210.86
899.88
1637.63
917.47
1341.4
870.64
997.33
1493.66
945.37
1990.99
1242.77
1801.4
2105.51
916.09
1217.43
1179.43
2002.24
1562.83
1235.33
1068.51
1764.5
1879.99
1427.04
1071.94
1385.18
2031.67
471.02
659.69
1150.85
1074.03
1744.38
909.14
1840.28
1002.18
1738.15
1245.68
729.02
1032.13
1080.03
1713.9
790.09
1281.79
1476.05
1005.32
1126.22
1804.89
1087.22
1286.38
764.5
1085.28
1732.51
1785.15
1430.79
664.65
845.7
1322.69
1130.13
1405.57
1596.04
1153.28
1955.41
1636.92
1840.33
1852.47
1586.42
1367.34
1835.73
1522.82
1490.36
1769.89
2136.84
1529.44
1820.59
1329.42
1403.68
1861.74
1043.07
870.62
1882.66
1804.72
1544.06
1383.67
1041.48
1935.61
1419.94
1555.89
1129.65
1661.8
1436.75
1498.68
802.88
873.62
1375.25
895.91
1038.8
1426.6
2063.36
1898.07
1432.59
1408.69
582.62
1050.3
2166.9
1800.62
1081.89
1140.56
1822.67
1038.83
1493.58
1537.8
1332.21
1532.46
1537.05
1706.43
1524.93
1800.85
1034.36
1457.81
1672.66
964.2
1494.63
1046.42
1550.88
559.54
1375.92
933.48
1348.94
895.84
1461.92
824.03
1132.52
1635.09
1705.59
1907.83
1920.39
743.6
1045.45
813.43
967.61
1957.29
1041.72
1471.82
1452.01
763.47
958.81
1932.19
2005.12
1701.19
1077.81
892.47
755.12
1493.82
1243.77
1106.34
1239.87
1442.03
1306.33
1154.03
1455.23
1161.45
1427.56
1903.53
1730.43
1857.3
1603.32
1242.6
1067.34
1080.56
1922.02
596.77
1179.94
1055.34
1576.64
1342.72
1807.74
1647.37
833.18
1749.45
975.52
1068.06
1227.76
1262.78
1833.0
1991.43
1533.97
935.28
1347.38
1082.51
1248.59
1347.05
1610.84
1026.39
986.88
1238.77
1116.76
1862.58
1346.4
1919.13
1014.44
873.76
1925.41
884.2
1098.18
925.37
1252.54
1313.91
894.39
826.93
595.46
1027.19
1523.37
738.14
1331.85
1961.72
1352.54
1600.19
1980.61
1553.86
1179.84
1126.03
1938.12
1011.67
1656.67
1409.92
1271.01
1210.45
979.02
955.58
999.16
1196.83
1455.82
1485.44
1878.09
1388.02
792.66
872.0
1256.2
1712.62
1554.2
1111.62
1322.93
1582.13
1522.94
759.81
955.21
698.13
1647.81
1111.9
1109.99
1801.7
1243.66
1819.32
914.89
1120.53
1393.84
1409.95
842.0
1397.58
1849.8
1875.31
451.31
1127.1
1076.11
1703.65
518.24
1541.21
1928.12
1006.82
2005.06
1557.27
1584.54
1562.89
1380.61
2248.04
1982.15
1175.59
1287.34
1558.06
950.2
989.56
1007.11
1807.54
810.74
407.22
893.46
869.32
1119.28
2066.25
1360.96
1001.02
1949.22
860.41
972.93
1401.08
1602.44
1195.72
2092.38
774.37
1142.56
984.98
2036.28
1322.48
1868.8
1005.83
1793.07
1018.17
923.74
2032.16
1448.67
867.47
1770.14
1751.03
1462.18
1997.75
1478.99
1329.87
1482.32
1231.82
961.38
1491.26
1347.41
1319.12
1152.06
1530.36
1640.31
1258.02
2102.53
1986.79
695.46
1096.5
1721.75
1239.42
793.63
660.67
1090.77
1842.25
1006.06
887.94
1945.62
768.21
1470.96
1448.45
1699.78
433.48
773.07
1366.31
1564.19
664.42
771.18
1731.74
1766.59
1573.55
1907.01
1225.56
450.6
1684.53
1326.81
1608.38
2013.16
978.89
1910.85
765.66
1653.28
1634.76
2005.05
1799.28
937.02
1674.84
684.08
1962.43
1990.28
1339.68
1066.44
1867.57
1652.33
911.5
703.83
1464.11
1325.24
1852.89
1616.17
1411.71
1947.71
1135.9
919.75
1207.14
907.85
899.73
1603.77
2023.71
1194.31
1082.38
1875.37
1135.09
2110.79
606.82
1972.43
1431.57
1940.07
885.55
1739.54
668.65
1212.11
1043.05
1354.66
930.81
686.79
735.87
1242.16
1245.11
1549.75
1368.37
1263.81
1244.28
1404.99
903.96
1033.01
2179.72
1444.43
1436.49
1344.05
710.75
1542.58
1189.32
1309.09
1015.4
789.14
1429.26
1316.34
1916.05
2040.28
1073.73
1002.3
1393.58
1382.99
1040.24
2033.15
771.47
1278.58
1263.1
1254.67
1836.83
1154.57
1201.96
1326.29
721.01
1205.82
1069.95
1568.75
1559.85
890.14
2103.35
1005.66
1939.16
1314.27
664.59
931.57
1579.65
1554.04
1717.27
658.89
888.38
844.43
1886.51
1725.63
1832.87
1664.42
1864.96
1110.22
1284.47
1605.31
1576.46
1237.2
1440.07
1515.1
2097.59
1156.13
1746.53
944.95
1211.97
1332.76
724.95
1447.89
1887.95
1076.05
1453.84
832.74
1995.34
942.37
966.76
721.59
1063.77
1192.46
1212.56
1239.61
1894.19
1157.4
1341.01
283.57
1058.39
862.44
990.94
1297.69
882.28
901.2
1195.69
972.75
1362.83
1109.12
1342.89
1597.56
1396.39
1587.64
1731.86
1010.08
1444.85
1962.3
930.23
1251.81
1262.46
511.7
983.43
743.23
2111.44
1327.78
670.33
1205.46
605.33
1343.57
1154.6
1036.23
1266.27
2081.03
916.63
709.99
1077.86
1955.81
1754.97
1921.34
998.73
858.09
1518.27
2016.34
1872.28
1175.47
1431.94
913.99
1642.8
928.48
1623.31
1966.69
1824.11
1565.26
1088.64
1407.43
1078.82
1115.69
1444.01
1179.45
988.03
670.53
1207.88
1341.56
1143.3
1255.56
1260.12
1545.29
416.88
1925.8
2133.75
1741.27
1162.14
1221.08
1070.26
1435.42
1209.4
1817.64
1052.56
1322.89
946.34
1283.46
1253.92
791.91
1859.57
388.55
1780.27
661.61
617.13
1313.79
1375.45
1900.09
1595.67
1714.29
1542.29
1172.65
1737.62
1318.69
1989.39
867.74
652.37
970.46
1702.27
1291.56
736.97
1439.44
2054.02
756.58
1839.3
951.59
1251.01
1545.52
1411.26
1963.02
1528.13
1325.3
670.98
757.92
1544.19
1977.23
1466.69
1885.59
814.66
1292.37
1356.08
2052.61
993.46
882.19
1210.55
2013.35
1106.62
1470.89
1855.21
1264.21
1701.04
999.29
1529.98
1062.16
1767.65
1136.85
1017.28
1711.15
1593.89
782.81
1241.2
1279.46
1456.27
1688.47
1895.92
942.35
733.79
1522.98
903.25
1422.65
1262.24
1416.0
1054.9
1007.28
1066.4
1218.78
2030.47
1044.2
1101.34
1402.25
1252.05
1149.74
1419.56
1912.42
1391.34
1331.7
1733.64
1281.23
1706.26
1385.79
1744.41
1524.47
1484.15
1888.33
1144.16
888.23
1306.37
1208.47
1630.86
1074.51
1614.85
1949.89
798.87
1305.8
773.46
1531.45
1961.35
1870.92
1202.97
576.3
685.51
1706.61
1242.15
1259.4
1695.75
2143.02
1061.39
1920.66
446.9
1144.15
883.99
1145.27
1529.04
858.99
1148.39
1208.33
1080.61
900.7
1412.72
1103.49
1074.9
1744.94
1432.67
1573.68
1695.84
1369.53
1265.95
1009.56
801.65
1731.86
1171.12
1830.24
677.92
1077.33
1981.38
740.72
1207.71
1747.91
958.97
1018.61
1721.78
898.39
1844.49
1710.89
985.87
1106.14
509.73
723.61
1445.49
910.98
1886.78
1661.09
1452.5
1420.99
1492.97
504.98
1584.64
1360.98
1303.26
1024.54
1625.15
867.77
1790.04
756.8
1851.91
1558.9
574.54
1212.71
688.43
821.33
1592.69
1737.08
1335.66
1152.15
1378.8
1513.0
2108.57
1086.26
1261.37
1375.81
1370.14
1242.88
793.2
1175.01
1725.08
1035.15
901.19
1176.05
1289.97
2010.75
1740.34
1831.88
1692.66
1824.33
1880.28
717.27
1716.89
784.27
1229.8
1062.59
1092.2
1950.64
987.21
1901.59
1827.3
1989.39
1079.56
1727.41
1891.65
1305.44
1823.64
797.28
802.87
1049.64
1824.36
1388.1
1737.31
1378.55
1141.52
1283.49
806.24
1421.84
1873.64
941.74
1407.11
1828.16
2210.88
945.53
1659.28
1506.58
1195.15
334.68
1529.82
1030.67
1033.11
1562.1
814.84
1582.52
1062.71
918.6
1484.05
1331.14
963.42
1170.78
1255.58
1379.21
1854.38
1184.6
966.12
454.01
1111.62
1118.98
1375.01
1979.18
1726.24
2147.92
1173.91
1501.71
1000.31
842.51
982.07
1956.08
565.72
1611.62
981.61
2083.72
1208.56
1132.84
976.25
1818.07
1368.36
1152.24
1200.41
1170.03
1193.57
1115.8
1342.74
1525.33
1673.53
1116.91
1051.83
1710.65
1770.14
1148.5
421.63
597.89
1821.92
1446.51
1434.96
1871.82
770.06
1130.58
682.68
969.88
1193.66
1987.47
1216.47
1964.6
1102.35
959.38
1502.94
1159.1
918.15
1277.09
1552.09
1872.75
892.11
1666.53
1250.71
1004.67
1714.53
1987.74
1109.06
1915.03
1392.8
2112.57
909.9
1716.19
1028.84
820.1
900.58
1828.06
1292.16
1337.47
1030.38
1704.7
957.82
870.92
1088.6
1179.94
1836.89
1600.05
1176.05
1112.17
1304.53
1712.59
929.13
1378.36
769.76
858.02
1781.13
1521.13
1509.69
1613.39
646.95
1131.26
1792.63
1373.75
1721.84
872.14
1343.03
2081.87
1111.0
1837.56
1474.98
1674.77
1231.53
378.26
1889.7
1746.83
1892.69
1177.39
945.72
1656.0
1814.99
1684.8
1478.73
1184.69
1661.41
913.25
1500.44
1592.53
956.21
1585.7
1729.44
1730.51
1825.34
1326.4
1391.37
472.19
1640.46
868.89
665.37
841.95
1363.89
1805.6
931.74
418.75
1325.98
943.18
1481.04
1744.18
1667.08
1100.64
1182.67
1201.44
703.82
1540.51
1258.05
1592.47
1056.54
1200.5
1105.1
1299.13
732.1
954.01
1049.88
1969.21
656.5
989.48
1336.7
2137.04
1879.5
1614.25
1484.76
1143.68
1734.65
1165.45
1842.88
1108.56
1509.75
962.45
777.75
1309.73
1222.22
778.48
1950.42
914.7
1301.23
1860.17
1675.92
1289.07
2006.56
1318.55
1859.74
1465.13
1997.2
1433.5
715.8
1249.26
954.13
699.39
1525.41
1590.78
676.25
1771.82
1625.5
965.15
1709.38
1062.42
1119.23
2014.26
1844.27
502.21
657.49
791.38
1208.29
1199.86
1290.68
1360.02
1149.91
366.59
943.72
1304.64
1252.36
1261.57
1603.59
1610.62
1655.89
1015.87
299.21
2160.26
1417.55
1524.51
1522.25
767.84
1997.83
1400.88
1888.64
2029.04
357.5
681.1
339.62
1589.51
894.88
709.88
1470.31
1766.58
866.5
954.01
1124.21
1838.82
1655.82
420.47
1229.11
1614.56
1935.38
718.95
1960.34
1842.03
1975.91
972.45
1504.05
775.18
1719.1
941.69
1456.43
906.68
1198.05
1719.98
1627.14
1036.48
1062.77
460.39
1700.81
1534.79
1176.18
1461.14
1075.47
1637.94
902.93
1394.29
1827.46
1892.24
1076.63
1088.7
1531.73
2010.82
1371.64
1375.08
1049.84
1082.84
1690.07
1851.96
1807.02
1283.42
635.55
1184.06
1164.44
929.72
1731.45
938.39
1668.95
1370.42
856.04
1702.99
1214.8
1933.96
860.25
1394.31
892.31
1303.06
1764.29
1769.53
1067.7
1746.3
858.6
1018.41
1052.25
1062.63
641.95
1575.49
996.73
1169.32
1494.15
2042.24
739.55
949.6
800.3
1203.93
1422.32
851.39
906.95
1051.94
1856.08
1165.66
1831.7
1216.99
887.12
1895.58
1445.44
1379.82
1331.9
1363.2
1421.82
1732.29
867.43
934.61
1662.16
1016.78
1938.7
969.58
824.56
1275.93
1060.76
1313.83
1230.94
1096.43
1553.22
1141.05
723.94
1649.08
1275.46
1296.18
1464.5
1599.95
1325.47
842.86
1140.75
1492.8
1642.69
834.7
1041.76
1808.4
1683.39
1475.98
1710.83
1716.8
1362.8
1975.89
1207.0
1087.0
1159.64
1533.9
1683.03
1805.13
1293.04
1019.0
825.0
868.12
936.34
2023.86
1147.08
1836.53
1709.64
1372.8
959.6
1114.31
1137.99
2017.71
464.52
889.83
1080.14
934.79
1220.48
1610.77
1080.89
756.81
815.38
965.38
1621.73
1746.56
1901.03
1329.37
950.3
1329.45
998.92
1976.11
1139.06
1266.91
445.27
979.59
1451.1
883.32
1474.15
1299.75
1479.7
1185.02
1369.06
1527.71
1205.97
1742.7
1225.19
908.29
1446.73
1520.94
1599.43
691.97
1000.9
1592.02
881.4
962.58
538.89
1183.99
1736.34
1178.68
1272.08
1035.23
797.48
1405.73
784.81
1105.51
1151.11
1784.14
1223.62
1284.28
1278.54
1277.29
1074.17
699.87
1410.36
917.41
1344.07
1643.41
1945.05
1344.22
1916.17
1015.32
1268.92
868.22
1147.69
1280.09
789.23
1063.76
1733.94
788.49
1171.98
1951.11
916.32
815.95
1421.53
1427.31
2019.98
1841.04
1083.11
1337.5
1971.68
1044.0
1139.67
1340.44
777.62
440.4
1092.72
1197.01
1175.56
1037.6
1759.82
1540.77
887.22
1103.2
932.93
1368.69
1721.8
1941.57
1469.2
1911.88
1180.11
1064.91
1165.75
1859.11
1547.73
2007.79
1845.53
1264.71
1665.73
1551.74
1497.44
1552.7
1028.55
1814.31
1026.78
1364.81
1623.71
974.53
1740.72
788.49
1028.68
1019.93
1704.6
1423.15
1729.51
1561.8
1163.38
1163.93
1318.07
1280.35
1211.18
1080.49
1478.54
1123.53
924.77
1450.88
630.68
1176.21
968.07
1433.81
1957.89
1168.15
1455.27
990.24
1630.26
737.04
959.97
897.27
1284.09
1386.06
1813.05
1968.79
1496.61
1940.9
958.04
984.57
1787.54
1220.53
903.59
935.8
1476.72
891.73
1771.09
1867.92
782.31
1840.55
2142.98
1892.56
1909.41
977.07
839.48
1345.6
835.94
975.92
1520.94
1411.16
532.01
1730.32
1390.63
1210.36
1044.15
966.66
1050.61
925.35
1513.36
1430.23
679.04
1476.97
1595.03
966.83
1104.72
803.16
1676.37
1297.32
1792.34
1828.44
1029.22
1736.02
1574.94
1272.15
1334.61
1748.33
1392.34
1927.27
1058.85
1050.33
977.64
1535.42
1258.45
1846.72
992.27
1287.21
1641.43
1411.66
1618.91
2011.46
1808.18
1522.81
1208.38
2102.6
1901.02
1007.93
907.84
1103.29
1866.9
1198.63
1803.03
1345.14
1096.33
1299.8
1141.44
1441.26
1452.62
949.49
773.31
1756.09
962.4
1626.43
1331.52
1949.33
1119.78
946.32
1207.83
1271.42
1088.78
1195.24
1153.03
1497.88
1809.01
1810.05
1929.46
903.01
1321.55
905.75
1398.41
1434.88
1565.01
798.57
815.74
1944.24
1196.8
995.67
1003.88
915.41
1493.66
1291.75
1561.43
1616.63
1607.02
984.38
2111.21
1776.44
1416.85
1394.18
1663.94
1310.09
984.68
1324.74
1355.72
1038.67
1029.87
1211.98
1969.55
1095.48
1667.02
1784.96
435.81
856.4
1574.02
953.91
1375.26
1729.36
1253.29
824.09
1548.61
1555.73
939.54
1382.98
1845.14
1407.98
1800.63
1272.44
1477.35
1317.85
950.41
1591.99
1752.5
2040.74
809.08
876.22
901.85
1911.19
1477.74
902.19
1694.3
841.71
2123.53
1294.27
1557.02
1888.17
1340.19
991.16
1406.18
1455.36
1310.36
817.21
711.54
831.9
1578.21
1783.4
623.44
1918.72
1073.03
1220.04
1091.05
1535.88
2025.72
1784.72
924.36
1911.95
1436.98
911.87
740.38
1534.94
1552.51
926.46
1380.05
1498.6
1932.9
1993.7
1365.73
1456.28
839.65
972.41
1481.92
1906.36
1760.7
806.15
1035.98
1521.09
952.49
1419.13
1719.31
1287.11
2003.04
1234.65
1404.02
1074.62
705.16
1081.12
1103.75
1312.24
950.38
764.15
1335.04
1850.57
1088.45
794.38
1194.09
932.88
1367.32
1314.42
1519.45
844.15
1984.28
1775.62
1020.7
1462.61
1621.0
836.96
1788.36
411.55
862.02
2090.72
1561.57
1322.45
904.35
1267.95
732.88
977.49
1451.36
1149.86
1939.63
1814.74
522.8
1147.03
610.43
1000.8
1192.89
1480.29
951.77
1789.95
1779.05
696.25
264.75
926.08
1330.16
1522.77
1535.38
901.17
1520.39
1143.35
1826.09
1264.13
784.4
1020.35
860.12
961.94
1916.65
801.78
1603.13
1191.38
1044.03
794.0
851.4
906.46
1909.28
1621.08
931.29
1177.38
1724.54
768.06
1657.71
1434.26
1371.27
1992.63
1436.03
1671.54
1085.85
1529.86
1057.98
1146.89
1396.14
830.93
1370.41
1020.15
974.11
1021.65
1100.02
1394.4
1592.16
1830.35
1444.04
1186.74
1808.11
933.6
1369.48
1673.47
1325.8
1502.94
558.75
1008.34
1351.55
1761.68
1247.48
1616.25
1680.4
1168.74
1018.85
1117.19
1473.65
535.11
1521.78
1059.44
975.8
2054.83
1153.14
1203.06
1138.04
1217.4
756.03
1488.27
992.68
1071.85
463.66
1028.23
1399.24
1103.66
1635.53
1914.46
914.99
1449.57
1270.65
941.44
1941.8
1405.74
965.12
1114.07
1190.33
966.9
1257.44
1524.84
1197.83
1253.94
1558.56
923.61
1543.58
1785.98
423.2
598.88
941.17
1185.88
1122.47
725.96
1970.87
894.11
1065.06
1224.74
1192.17
1035.8
1564.34
1468.53
1782.25
1337.97
1226.73
1510.36
1604.12
941.05
1743.32
1316.87
1280.65
1912.28
1566.74
1178.64
841.44
1609.39
705.78
1258.87
1485.52
979.03
1576.47
1695.23
1959.64
1931.04
1519.99
967.6
1232.97
1487.45
1221.98
835.97
1733.79
1435.92
2201.47
1492.71
1802.11
999.07
668.6
879.32
1439.12
1373.63
1128.81
808.74
1372.41
723.51
1222.67
1904.22
1106.4
1145.8
1107.65
956.28
1340.11
1284.17
1763.95
1087.59
1134.06
1944.82
1610.33
991.99
1267.91
1671.25
683.18
1802.17
1512.61
1246.98
1239.5
1150.97
694.9
1578.37
1161.11
1632.48
1672.09
1149.39
988.54
2046.09
935.22
721.6
970.26
808.78
1984.77
546.02
1592.14
1421.77
968.11
659.16
1806.96
1425.53
941.98
1179.85
2035.14
1131.86
1065.78
1131.41
836.16
1811.05
979.92
725.23
1737.71
2045.38
1438.13
877.01
871.9
793.11
1580.34
1660.72
1426.57
592.3
1378.76
1395.97
1650.72
1125.86
1946.31
1287.92
966.65
1413.3
1263.7
1630.0
1391.34
725.12
1367.51
1203.07
478.15
1487.91
1295.94
1162.41
1341.67
1186.93
1643.64
1191.53
2125.61
1553.84
840.37
855.75
1676.52
873.45
1338.91
1944.92
1623.71
882.38
1790.51
1648.29
1308.64
1182.84
1474.5
2041.66
1476.97
1012.76
1882.52
1350.07
907.5
1253.92
947.07
1189.84
1157.91
841.67
1035.87
942.04
1248.13
921.19
1133.98
1873.99
1294.64
2091.74
1025.2
1038.38
1018.81
1336.34
1995.18
1376.86
1001.85
988.33
1075.76
1065.67
1733.5
1540.31
1399.66
1021.68
1099.55
794.29
1138.27
1547.72
1642.12
980.09
1924.38
1624.16
1175.61
1552.52
1774.56
1433.32
1742.0
1732.12
1375.77
1644.07
351.21
842.7
1646.43
1151.29
1015.29
1949.27
1359.26
791.13
897.66
1806.88
1022.29
283.57
1187.56
1206.96
1596.83
1884.58
1872.7
1416.02
2023.11
809.53
1231.15
1232.75
1132.42
1037.99
1334.74
892.08
1549.1
1223.03
730.97
915.02
1129.43
2031.81
1666.24
1499.57
1162.77
1813.32
1503.15
1543.9
1323.07
851.63
1184.74
500.33
1114.65
380.02
1450.94
1072.66
1369.11
1198.29
1526.32
718.88
927.48
484.06
1528.4
1997.82
1290.49
2018.02
1352.37
1097.88
2021.6
1010.97
1488.69
1157.98
1366.58
1093.07
1091.39
888.96
1808.81
1369.14
1202.9
1514.73
694.74
1950.67
939.99
1229.75
1242.83
1098.48
1071.68
1817.04
932.67
738.89
1330.16
1964.14
1190.39
927.53
1824.62
1483.88
1418.12
789.71
1621.79
1655.79
701.85
1691.82
1416.7
435.01
815.98
981.76
1287.91
914.13
1464.18
1291.9
1071.02
2030.86
823.69
1188.68
792.41
1123.66
1376.73
1526.4
1909.0
1965.29
1607.82
1666.07
1038.87
1933.55
1139.58
1098.71
940.81
1090.27
1131.45
1682.57
549.36
569.53
1422.62
1174.68
1280.26
926.35
1113.33
2112.78
1087.7
1593.14
428.73
952.96
1212.56
886.6
950.51
1139.69
1462.88
910.71
2109.8
1762.48
1485.69
1318.96
1289.11
1499.78
1322.22
1390.44
1921.88
880.27
1062.4
1126.39
868.09
2204.32
1781.62
1171.85
889.59
1593.44
870.95
924.73
1146.5
1419.41
961.61
1255.99
1508.68
1634.05
2010.49
1406.22
324.55
1014.73
1168.15
1754.25
816.07
1505.88
1052.47
1040.43
1312.85
2047.67
1336.64
1326.73
1982.22
1647.91
1317.56
1003.07
1971.64
1164.43
1228.85
420.05
1414.88
1790.77
1311.08
1348.53
1825.81
730.96
804.86
861.96
1579.38
1140.38
